H11C6, RHF, CHARGE=1, MULT=1
HF=177
1    C    0.000000000    0.000000000    0.000000000
2    C    0.000000000    1.544051710    0.000000000
3    C    0.000000000    2.176596183    1.402647804
4    C    1.036950275    1.572078692    2.365146093
5    C    1.037543577    0.028556666    2.404129619
6    C    0.687774268    -0.650713260    1.136941321
7    H    0.424370668    -0.386697040    -0.960756665
8    H    -1.057555160    -0.386840575    0.016237608
9    H    -0.893326958    1.896135385    -0.562112483
10    H    0.886233808    1.897235820    -0.574550486
11    H    0.201993012    3.266774759    1.301258970
12    H    -1.017190185    2.094881774    1.849237566
13    H    0.848761861    1.950463222    3.394415097
14    H    2.058392294    1.919461890    2.089264076
15    H    2.025770976    -0.349208098    2.768845901
16    H    0.295746068    -0.339657552    3.167354370
17    H    0.931254082    -1.719135034    1.044050771
---
