TRAININGSET=HC
RHF
CHARGE=0
MULT=1
1    C    -0.016229078    -2.478048194    0.012228870
2    C    -0.016229289    2.724360140    0.011896008
3    C    1.239689213    -1.887836398    0.012209974
4    C    -1.272147418    -1.887836499    0.012208850
5    C    1.574490426    -0.541696932    0.012150279
6    C    -1.606948739    -0.541697059    0.012148855
7    C    0.727517044    0.557670037    0.012075255
8    C    -0.759975444    0.557669976    0.012074588
9    C    1.126068327    1.915302938    0.011962038
10    C    -1.158526839    1.915302845    0.011961011
11    H    -0.016229034    -3.565560180    0.012269056
12    H    -0.016229333    3.797817215    0.011819222
13    H    2.078594001    -2.577810688    0.012245068
14    H    -2.111052150    -2.577810855    0.012243193
15    H    2.640215371    -0.323846465    0.012151549
16    H    -2.672673703    -0.323846679    0.012149168
17    H    2.140690772    2.263054436    0.011936273
18    H    -2.173149312    2.263054261    0.011934333
EXPGEOM
1    C    0.000000000    -2.498600000    0.000000000
2    C    0.000000000    2.704700000    0.000000000
3    C    1.263500000    -1.907800000    0.000000000
4    C    -1.263500000    -1.907800000    0.000000000
5    C    1.590700000    -0.552000000    0.000000000
6    C    -1.590700000    -0.552000000    0.000000000
7    C    0.748700000    0.553200000    0.000000000
8    C    -0.748700000    0.553200000    0.000000000
9    C    1.148600000    1.899000000    0.000000000
10    C    -1.148600000    1.899000000    0.000000000
11    H    0.000000000    -3.586800000    0.000000000
12    H    0.000000000    3.788300000    0.000000000
13    H    2.104100000    -2.596300000    0.000000000
14    H    -2.104100000    -2.596300000    0.000000000
15    H    2.655400000    -0.322400000    0.000000000
16    H    -2.655400000    -0.322400000    0.000000000
17    H    2.173500000    2.244600000    0.000000000
18    H    -2.173500000    2.244600000    0.000000000

