Running on 4 cores.
Computation number: 0
Hessian string: 
Excel string: 19098.453441866575,0.0,0.0,0.0,0.0,0.0,106573.25048669009,-5639.726659865119,-11420.637856645044,-19804.148068942595,-31187.57886113599,-4819.373425561935,-146906.28020616714,12747.932414640673,,,,,,,,,,,,,,,,,,,,,,,,,,,,,,,,,,,,,,,,,,,,,,,,
HoF string: 365.7, 227.50284575337096, 0.0, 0.0, 0.0, 0.0, 0.0, -385.58404554578374, 20.404641247750988, 41.32009109980572, 71.65179596313465, 112.83727332056515, 17.436587143038196, 531.5098897540338, -46.122267463033495
Dipole string: 
Ionization string: 
Geometry string: 
---------
TOTAL EXCEL STRING:
19098.453441866575,0.0,0.0,0.0,0.0,0.0,106573.25048669009,-5639.726659865119,-11420.637856645044,-19804.148068942595,-31187.57886113599,-4819.373425561935,-146906.28020616714,12747.932414640673,,,,,,,,,,,,,,,,,,,,,,,,,,,,,,,,,,,,,,,,,,,,,,,,
TOTAL HESSIAN STRING:

TOTAL HEAT STRING:
365.7, 227.50284575337096, 0.0, 0.0, 0.0, 0.0, 0.0, -385.58404554578374, 20.404641247750988, 41.32009109980572, 71.65179596313465, 112.83727332056515, 17.436587143038196, 531.5098897540338, -46.122267463033495
TOTAL DIPOLE STRING:

TOTAL IONIZATION STRING:

TOTAL GEOMETRY STRING:

-----------
SUM OF ERROR FUNCTION: 19098.453441866575
GRADIENT SUM: 0.0, 0.0, 0.0, 0.0, 0.0, 106573.25048669009, -5639.726659865119, -11420.637856645044, -19804.148068942595, -31187.57886113599, -4819.373425561935, -146906.28020616714, 12747.932414640673
NEW HESSIAN: 3456654.422685593,-2821563.7476946316,-4360555.143696925,-4656040.9804209,4614581.319918206,7.316697309073533E7,-4288132.78580398,-7356251.425321747,-6124734.823529156,-1.4922409818896774E7,-4.578841228943393E7,-7.935035754595779E7,5197959.948433203,-7359336.6232399875,-3.0488524066975277E7,-3.748451597566713E7,-1484847.0443998638,-2.5071451577978857E7,-3.524115661119847E7,-2.1257727301436294E7,-395415.72875781974,-3464048.63816379,5286918.782142344,732392.365592986,-1671979.408538625,-1374437.4540395266,-8313527.452490486,-2290222.3462863276,-3.8741878274243884E7,-3.566637951927244E7,-1.1697581203390572E7,-9951230.413701313,-1.7387003300002314E7,-4395288.348033083,2.410933593379301E7,-2584796.3594185044,-4.122366213838752E7,-2452065.476924737,-4.140956064137255E7,-2.1346289277892746E7,-2.4439874922532264E7,-2.746291387390476E7,-5062150.806163558,711812.9669512337,3.03654922648486E7,-2762663.311416828,2427198.7783705206,4.096842207902714E7,-2255657.2168459864,-3870565.360826834,-3220403.3124639685,-7848090.466373519,-2.407979116293826E7,-4.173149553911798E7,2733266.3442053795,6.838427750537256E8,-3.8103418340583436E7,-6.537797636217848E7,-5.437803354677416E7,-1.325793267557567E8,-4.067890479125895E8,-7.049763711851184E8,4.6182004099053465E7,-4.278941698600924E7,-4.24726902266635E7,-1.9456824062110823E7,-3.2864970375382256E7,-3.1943008454622522E7,9280601.612698872,-2541845.120618567,1.2082251619830761E7,-1.6131327097043334E7,-468028.5123891006,6534714.260642276,4.651434332627135E7,-4361486.363477046,-462836.70334713167,961953.1018088423,1.069459205571043E7,2.7035109909465495E7,-3631647.531713131,3.012337948777655E7,5.1941793633194625E7,9.961384266101536E7,-8845912.6001905,2.3084816947527808E8,4.143856152421466E8,-2.714518058290102E7,7.311262599611105E8,-4.704333579985342E7,2195359.383349081,
HESSIAN EIGENVALUES: [-179682170.118873; -38623372.265514; -12477665.715528; -8542845.810527; -3630654.368818; -898722.147472; -13097.994019; 15321922.670732; 16791819.545499; 30003909.871742; 40638185.654289; 54359934.947720; 1689645114.007873]
Running on 4 cores.
Computation number: 0
Hessian string: 
Excel string: 19098.453441866575,0.0,0.0,0.0,0.0,0.0,106573.25048669009,-5639.726659865119,-11420.637856645044,-19804.148068942595,-31187.57886113599,-4819.373425561935,-146906.28020616714,12747.932414640673,,,,,,,,,,,,,,,,,,,,,,,,,,,,,,,,,,,,,,,,,,,,,,,,
HoF string: 365.7, 227.50284575337096, 0.0, 0.0, 0.0, 0.0, 0.0, -385.58404554578374, 20.404641247750988, 41.32009109980572, 71.65179596313465, 112.83727332056515, 17.436587143038196, 531.5098897540338, -46.122267463033495
Dipole string: 
Ionization string: 
Geometry string: 
---------
TOTAL EXCEL STRING:
19098.453441866575,0.0,0.0,0.0,0.0,0.0,106573.25048669009,-5639.726659865119,-11420.637856645044,-19804.148068942595,-31187.57886113599,-4819.373425561935,-146906.28020616714,12747.932414640673,,,,,,,,,,,,,,,,,,,,,,,,,,,,,,,,,,,,,,,,,,,,,,,,
TOTAL HESSIAN STRING:

TOTAL HEAT STRING:
365.7, 227.50284575337096, 0.0, 0.0, 0.0, 0.0, 0.0, -385.58404554578374, 20.404641247750988, 41.32009109980572, 71.65179596313465, 112.83727332056515, 17.436587143038196, 531.5098897540338, -46.122267463033495
TOTAL DIPOLE STRING:

TOTAL IONIZATION STRING:

TOTAL GEOMETRY STRING:

-----------
SUM OF ERROR FUNCTION: 19098.453441866575
GRADIENT SUM: 0.0, 0.0, 0.0, 0.0, 0.0, 106573.25048669009, -5639.726659865119, -11420.637856645044, -19804.148068942595, -31187.57886113599, -4819.373425561935, -146906.28020616714, 12747.932414640673
NEW HESSIAN: 3456654.422685593,-2821563.7476946316,-4360555.143696925,-4656040.9804209,4614581.319918206,7.316697309073533E7,-4288132.78580398,-7356251.425321747,-6124734.823529156,-1.4922409818896774E7,-4.578841228943393E7,-7.935035754595779E7,5197959.948433203,-7359336.6232399875,-3.0488524066975277E7,-3.748451597566713E7,-1484847.0443998638,-2.5071451577978857E7,-3.524115661119847E7,-2.1257727301436294E7,-395415.72875781974,-3464048.63816379,5286918.782142344,732392.365592986,-1671979.408538625,-1374437.4540395266,-8313527.452490486,-2290222.3462863276,-3.8741878274243884E7,-3.566637951927244E7,-1.1697581203390572E7,-9951230.413701313,-1.7387003300002314E7,-4395288.348033083,2.410933593379301E7,-2584796.3594185044,-4.122366213838752E7,-2452065.476924737,-4.140956064137255E7,-2.1346289277892746E7,-2.4439874922532264E7,-2.746291387390476E7,-5062150.806163558,711812.9669512337,3.03654922648486E7,-2762663.311416828,2427198.7783705206,4.096842207902714E7,-2255657.2168459864,-3870565.360826834,-3220403.3124639685,-7848090.466373519,-2.407979116293826E7,-4.173149553911798E7,2733266.3442053795,6.838427750537256E8,-3.8103418340583436E7,-6.537797636217848E7,-5.437803354677416E7,-1.325793267557567E8,-4.067890479125895E8,-7.049763711851184E8,4.6182004099053465E7,-4.278941698600924E7,-4.24726902266635E7,-1.9456824062110823E7,-3.2864970375382256E7,-3.1943008454622522E7,9280601.612698872,-2541845.120618567,1.2082251619830761E7,-1.6131327097043334E7,-468028.5123891006,6534714.260642276,4.651434332627135E7,-4361486.363477046,-462836.70334713167,961953.1018088423,1.069459205571043E7,2.7035109909465495E7,-3631647.531713131,3.012337948777655E7,5.1941793633194625E7,9.961384266101536E7,-8845912.6001905,2.3084816947527808E8,4.143856152421466E8,-2.714518058290102E7,7.311262599611105E8,-4.704333579985342E7,2195359.383349081,
HESSIAN EIGENVALUES: [-179682170.118873; -38623372.265514; -12477665.715528; -8542845.810527; -3630654.368818; -898722.147472; -13097.994019; 15321922.670732; 16791819.545499; 30003909.871742; 40638185.654289; 54359934.947720; 1689645114.007873]
Running on 4 cores.
Computation number: 0
Hessian string: 
Excel string: 19098.453441866575,0.0,0.0,0.0,0.0,0.0,106573.25048669009,-5639.726659865119,-11420.637856645044,-19804.148068942595,-31187.57886113599,-4819.373425561935,-146906.28020616714,12747.932414640673,,,,,,,,,,,,,,,,,,,,,,,,,,,,,,,,,,,,,,,,,,,,,,,,
HoF string: 365.7, 227.50284575337096, 0.0, 0.0, 0.0, 0.0, 0.0, -385.58404554578374, 20.404641247750988, 41.32009109980572, 71.65179596313465, 112.83727332056515, 17.436587143038196, 531.5098897540338, -46.122267463033495
Dipole string: 
Ionization string: 
Geometry string: 
---------
TOTAL EXCEL STRING:
19098.453441866575,0.0,0.0,0.0,0.0,0.0,106573.25048669009,-5639.726659865119,-11420.637856645044,-19804.148068942595,-31187.57886113599,-4819.373425561935,-146906.28020616714,12747.932414640673,,,,,,,,,,,,,,,,,,,,,,,,,,,,,,,,,,,,,,,,,,,,,,,,
TOTAL HESSIAN STRING:

TOTAL HEAT STRING:
365.7, 227.50284575337096, 0.0, 0.0, 0.0, 0.0, 0.0, -385.58404554578374, 20.404641247750988, 41.32009109980572, 71.65179596313465, 112.83727332056515, 17.436587143038196, 531.5098897540338, -46.122267463033495
TOTAL DIPOLE STRING:

TOTAL IONIZATION STRING:

TOTAL GEOMETRY STRING:

-----------
SUM OF ERROR FUNCTION: 19098.453441866575
GRADIENT SUM: 0.0, 0.0, 0.0, 0.0, 0.0, 106573.25048669009, -5639.726659865119, -11420.637856645044, -19804.148068942595, -31187.57886113599, -4819.373425561935, -146906.28020616714, 12747.932414640673
NEW HESSIAN: 3456654.422685593,-2821563.7476946316,-4360555.143696925,-4656040.9804209,4614581.319918206,7.316697309073533E7,-4288132.78580398,-7356251.425321747,-6124734.823529156,-1.4922409818896774E7,-4.578841228943393E7,-7.935035754595779E7,5197959.948433203,-7359336.6232399875,-3.0488524066975277E7,-3.748451597566713E7,-1484847.0443998638,-2.5071451577978857E7,-3.524115661119847E7,-2.1257727301436294E7,-395415.72875781974,-3464048.63816379,5286918.782142344,732392.365592986,-1671979.408538625,-1374437.4540395266,-8313527.452490486,-2290222.3462863276,-3.8741878274243884E7,-3.566637951927244E7,-1.1697581203390572E7,-9951230.413701313,-1.7387003300002314E7,-4395288.348033083,2.410933593379301E7,-2584796.3594185044,-4.122366213838752E7,-2452065.476924737,-4.140956064137255E7,-2.1346289277892746E7,-2.4439874922532264E7,-2.746291387390476E7,-5062150.806163558,711812.9669512337,3.03654922648486E7,-2762663.311416828,2427198.7783705206,4.096842207902714E7,-2255657.2168459864,-3870565.360826834,-3220403.3124639685,-7848090.466373519,-2.407979116293826E7,-4.173149553911798E7,2733266.3442053795,6.838427750537256E8,-3.8103418340583436E7,-6.537797636217848E7,-5.437803354677416E7,-1.325793267557567E8,-4.067890479125895E8,-7.049763711851184E8,4.6182004099053465E7,-4.278941698600924E7,-4.24726902266635E7,-1.9456824062110823E7,-3.2864970375382256E7,-3.1943008454622522E7,9280601.612698872,-2541845.120618567,1.2082251619830761E7,-1.6131327097043334E7,-468028.5123891006,6534714.260642276,4.651434332627135E7,-4361486.363477046,-462836.70334713167,961953.1018088423,1.069459205571043E7,2.7035109909465495E7,-3631647.531713131,3.012337948777655E7,5.1941793633194625E7,9.961384266101536E7,-8845912.6001905,2.3084816947527808E8,4.143856152421466E8,-2.714518058290102E7,7.311262599611105E8,-4.704333579985342E7,2195359.383349081,
HESSIAN EIGENVALUES: [-179682170.118873; -38623372.265514; -12477665.715528; -8542845.810527; -3630654.368818; -898722.147472; -13097.994019; 15321922.670732; 16791819.545499; 30003909.871742; 40638185.654289; 54359934.947720; 1689645114.007873]
Running on 4 cores.
Computation number: 0
Hessian string: 
Excel string: 19098.45344186259,0.0,0.0,0.0,0.0,0.0,106573.25052306987,-5639.723131025676,-11420.630617067218,-19804.148068942595,-31187.582535494585,-4819.380701519549,-146906.27656818833,12747.93245102046,,,,,,,,,,,,,,,,,,,,,,,,,,,,,,,,,,,,,,,,,,,,,,,,
HoF string: 365.7, 227.50284575338537, 0.0, 0.0, 0.0, 0.0, 0.0, -385.58404554578374, 20.404628457981744, 41.32006495183305, 71.65179596313465, 112.83728667876858, 17.436613575227966, 531.5098766800475, -46.122267463033495
Dipole string: 
Ionization string: 
Geometry string: 
---------
TOTAL EXCEL STRING:
19098.45344186259,0.0,0.0,0.0,0.0,0.0,106573.25052306987,-5639.723131025676,-11420.630617067218,-19804.148068942595,-31187.582535494585,-4819.380701519549,-146906.27656818833,12747.93245102046,,,,,,,,,,,,,,,,,,,,,,,,,,,,,,,,,,,,,,,,,,,,,,,,
TOTAL HESSIAN STRING:

TOTAL HEAT STRING:
365.7, 227.50284575338537, 0.0, 0.0, 0.0, 0.0, 0.0, -385.58404554578374, 20.404628457981744, 41.32006495183305, 71.65179596313465, 112.83728667876858, 17.436613575227966, 531.5098766800475, -46.122267463033495
TOTAL DIPOLE STRING:

TOTAL IONIZATION STRING:

TOTAL GEOMETRY STRING:

-----------
SUM OF ERROR FUNCTION: 19098.45344186259
GRADIENT SUM: 0.0, 0.0, 0.0, 0.0, 0.0, 106573.25052306987, -5639.723131025676, -11420.630617067218, -19804.148068942595, -31187.582535494585, -4819.380701519549, -146906.27656818833, 12747.93245102046
NEW HESSIAN: 3456654.4235453545,-2821563.747971358,-4360555.144124508,-4656040.980877853,4614581.320370389,7.316697309675802E7,-4288132.942975393,-7356251.747624973,-6124734.824129359,-1.4922409657145374E7,-4.578841197072609E7,-7.935035771533796E7,5197959.947326968,-7359336.62315092,-3.0488524066837654E7,-3.748451597552005E7,-1484847.0445454055,-2.5071451579917345E7,-3.5241156560610615E7,-2.125772719769842E7,-395415.72856463597,-3464048.6902257754,5286918.6795617,732392.420110393,-1671979.4081825681,-1374437.4538268773,-8313527.45226323,-2290222.3465112112,-3.874187827723914E7,-3.5666379441106655E7,-1.169758104310007E7,-9951230.413402814,-1.7387003380445857E7,-4395288.5065354975,2.4109336018030547E7,-2584796.358868343,-4.1223662138144664E7,-2452065.4771650676,-4.140956064457354E7,-2.1346289194357935E7,-2.443987475123178E7,-2.746291387358576E7,-5062150.892132581,711812.7975616542,3.0365492354872216E7,-2762663.3108288776,2427198.778608342,4.0968422082194716E7,-2255657.299508822,-3870565.530339204,-3220403.3127796394,-7848090.38130188,-2.4079790995316852E7,-4.173149562820189E7,2733266.343623566,6.838427750928776E8,-3.810341973620717E7,-6.537797922437609E7,-5.437803355097863E7,-1.325793253159003E8,-4.0678904507254046E8,-7.049763726753775E8,4.6182004088266835E7,-4.2789416832448445E7,-4.2472689937442295E7,-1.945682395238883E7,-3.2864970187701076E7,-3.194300779195212E7,9280603.114242945,-2541845.2130152946,1.2082252160242194E7,-1.6131326872042164E7,-468028.10078428825,6534715.672490091,4.651434637893747E7,-4361486.553214923,-462836.7029281278,961952.9888895415,1.0694591833219206E7,2.7035110027710464E7,-3631647.5309408642,3.0123378934653215E7,5.1941792238395914E7,9.961384147212517E7,-8845912.501537234,2.30848166123169E8,4.1438561320153934E8,-2.714518038549967E7,7.311262629566675E8,-4.704333588565357E7,2195359.3817350706,
HESSIAN EIGENVALUES: [-179682170.023935; -38623372.270218; -12477665.715729; -8542845.815805; -3630654.364565; -898722.147456; -13097.994002; 15321922.670977; 16791819.564652; 30003909.907964; 40638185.691643; 54359934.896098; 1689645113.701373]
Running on 4 cores.
Computation number: 0
Hessian string: 
Excel string: 19098.453441866575,0.0,0.0,0.0,0.0,0.0,106573.25048669009,-5639.726659865119,-11420.637856645044,-19804.148068942595,-31187.57886113599,-4819.373425561935,-146906.28020616714,12747.932414640673,,,,,,,,,,,,,,,,,,,,,,,,,,,,,,,,,,,,,,,,,,,,,,,,
HoF string: 365.7, 227.50284575337096, 0.0, 0.0, 0.0, 0.0, 0.0, -385.58404554578374, 20.404641247750988, 41.32009109980572, 71.65179596313465, 112.83727332056515, 17.436587143038196, 531.5098897540338, -46.122267463033495
Dipole string: 
Ionization string: 
Geometry string: 
---------
TOTAL EXCEL STRING:
19098.453441866575,0.0,0.0,0.0,0.0,0.0,106573.25048669009,-5639.726659865119,-11420.637856645044,-19804.148068942595,-31187.57886113599,-4819.373425561935,-146906.28020616714,12747.932414640673,,,,,,,,,,,,,,,,,,,,,,,,,,,,,,,,,,,,,,,,,,,,,,,,
TOTAL HESSIAN STRING:

TOTAL HEAT STRING:
365.7, 227.50284575337096, 0.0, 0.0, 0.0, 0.0, 0.0, -385.58404554578374, 20.404641247750988, 41.32009109980572, 71.65179596313465, 112.83727332056515, 17.436587143038196, 531.5098897540338, -46.122267463033495
TOTAL DIPOLE STRING:

TOTAL IONIZATION STRING:

TOTAL GEOMETRY STRING:

-----------
SUM OF ERROR FUNCTION: 19098.453441866575
GRADIENT SUM: 0.0, 0.0, 0.0, 0.0, 0.0, 106573.25048669009, -5639.726659865119, -11420.637856645044, -19804.148068942595, -31187.57886113599, -4819.373425561935, -146906.28020616714, 12747.932414640673
NEW HESSIAN: 3456654.422685593,-2821563.7476946316,-4360555.143696925,-4656040.9804209,4614581.319918206,7.316697309073533E7,-4288132.78580398,-7356251.425321747,-6124734.823529156,-1.4922409818896774E7,-4.578841228943393E7,-7.935035754595779E7,5197959.948433203,-7359336.6232399875,-3.0488524066975277E7,-3.748451597566713E7,-1484847.0443998638,-2.5071451577978857E7,-3.524115661119847E7,-2.1257727301436294E7,-395415.72875781974,-3464048.63816379,5286918.782142344,732392.365592986,-1671979.408538625,-1374437.4540395266,-8313527.452490486,-2290222.3462863276,-3.8741878274243884E7,-3.566637951927244E7,-1.1697581203390572E7,-9951230.413701313,-1.7387003300002314E7,-4395288.348033083,2.410933593379301E7,-2584796.3594185044,-4.122366213838752E7,-2452065.476924737,-4.140956064137255E7,-2.1346289277892746E7,-2.4439874922532264E7,-2.746291387390476E7,-5062150.806163558,711812.9669512337,3.03654922648486E7,-2762663.311416828,2427198.7783705206,4.096842207902714E7,-2255657.2168459864,-3870565.360826834,-3220403.3124639685,-7848090.466373519,-2.407979116293826E7,-4.173149553911798E7,2733266.3442053795,6.838427750537256E8,-3.8103418340583436E7,-6.537797636217848E7,-5.437803354677416E7,-1.325793267557567E8,-4.067890479125895E8,-7.049763711851184E8,4.6182004099053465E7,-4.278941698600924E7,-4.24726902266635E7,-1.9456824062110823E7,-3.2864970375382256E7,-3.1943008454622522E7,9280601.612698872,-2541845.120618567,1.2082251619830761E7,-1.6131327097043334E7,-468028.5123891006,6534714.260642276,4.651434332627135E7,-4361486.363477046,-462836.70334713167,961953.1018088423,1.069459205571043E7,2.7035109909465495E7,-3631647.531713131,3.012337948777655E7,5.1941793633194625E7,9.961384266101536E7,-8845912.6001905,2.3084816947527808E8,4.143856152421466E8,-2.714518058290102E7,7.311262599611105E8,-4.704333579985342E7,2195359.383349081,
HESSIAN EIGENVALUES: [-179682170.118873; -38623372.265514; -12477665.715528; -8542845.810527; -3630654.368818; -898722.147472; -13097.994019; 15321922.670732; 16791819.545499; 30003909.871742; 40638185.654289; 54359934.947720; 1689645114.007873]
Running on 4 cores.
Computation number: 0
Hessian string: 
Excel string: 19098.453441866575,0.0,0.0,0.0,0.0,0.0,106573.25048669009,-5639.726659865119,-11420.637856645044,-19804.148068942595,-31187.57886113599,-4819.373425561935,-146906.28020616714,12747.932414640673,,,,,,,,,,,,,,,,,,,,,,,,,,,,,,,,,,,,,,,,,,,,,,,,
HoF string: 365.7, 227.50284575337096, 0.0, 0.0, 0.0, 0.0, 0.0, -385.58404554578374, 20.404641247750988, 41.32009109980572, 71.65179596313465, 112.83727332056515, 17.436587143038196, 531.5098897540338, -46.122267463033495
Dipole string: 
Ionization string: 
Geometry string: 
---------
TOTAL EXCEL STRING:
19098.453441866575,0.0,0.0,0.0,0.0,0.0,106573.25048669009,-5639.726659865119,-11420.637856645044,-19804.148068942595,-31187.57886113599,-4819.373425561935,-146906.28020616714,12747.932414640673,,,,,,,,,,,,,,,,,,,,,,,,,,,,,,,,,,,,,,,,,,,,,,,,
TOTAL HESSIAN STRING:

TOTAL HEAT STRING:
365.7, 227.50284575337096, 0.0, 0.0, 0.0, 0.0, 0.0, -385.58404554578374, 20.404641247750988, 41.32009109980572, 71.65179596313465, 112.83727332056515, 17.436587143038196, 531.5098897540338, -46.122267463033495
TOTAL DIPOLE STRING:

TOTAL IONIZATION STRING:

TOTAL GEOMETRY STRING:

-----------
SUM OF ERROR FUNCTION: 19098.453441866575
GRADIENT SUM: 0.0, 0.0, 0.0, 0.0, 0.0, 106573.25048669009, -5639.726659865119, -11420.637856645044, -19804.148068942595, -31187.57886113599, -4819.373425561935, -146906.28020616714, 12747.932414640673
NEW HESSIAN: 3456654.422685593,-2821563.7476946316,-4360555.143696925,-4656040.9804209,4614581.319918206,7.316697309073533E7,-4288132.78580398,-7356251.425321747,-6124734.823529156,-1.4922409818896774E7,-4.578841228943393E7,-7.935035754595779E7,5197959.948433203,-7359336.6232399875,-3.0488524066975277E7,-3.748451597566713E7,-1484847.0443998638,-2.5071451577978857E7,-3.524115661119847E7,-2.1257727301436294E7,-395415.72875781974,-3464048.63816379,5286918.782142344,732392.365592986,-1671979.408538625,-1374437.4540395266,-8313527.452490486,-2290222.3462863276,-3.8741878274243884E7,-3.566637951927244E7,-1.1697581203390572E7,-9951230.413701313,-1.7387003300002314E7,-4395288.348033083,2.410933593379301E7,-2584796.3594185044,-4.122366213838752E7,-2452065.476924737,-4.140956064137255E7,-2.1346289277892746E7,-2.4439874922532264E7,-2.746291387390476E7,-5062150.806163558,711812.9669512337,3.03654922648486E7,-2762663.311416828,2427198.7783705206,4.096842207902714E7,-2255657.2168459864,-3870565.360826834,-3220403.3124639685,-7848090.466373519,-2.407979116293826E7,-4.173149553911798E7,2733266.3442053795,6.838427750537256E8,-3.8103418340583436E7,-6.537797636217848E7,-5.437803354677416E7,-1.325793267557567E8,-4.067890479125895E8,-7.049763711851184E8,4.6182004099053465E7,-4.278941698600924E7,-4.24726902266635E7,-1.9456824062110823E7,-3.2864970375382256E7,-3.1943008454622522E7,9280601.612698872,-2541845.120618567,1.2082251619830761E7,-1.6131327097043334E7,-468028.5123891006,6534714.260642276,4.651434332627135E7,-4361486.363477046,-462836.70334713167,961953.1018088423,1.069459205571043E7,2.7035109909465495E7,-3631647.531713131,3.012337948777655E7,5.1941793633194625E7,9.961384266101536E7,-8845912.6001905,2.3084816947527808E8,4.143856152421466E8,-2.714518058290102E7,7.311262599611105E8,-4.704333579985342E7,2195359.383349081,
HESSIAN EIGENVALUES: [-179682170.118873; -38623372.265514; -12477665.715528; -8542845.810527; -3630654.368818; -898722.147472; -13097.994019; 15321922.670732; 16791819.545499; 30003909.871742; 40638185.654289; 54359934.947720; 1689645114.007873]
Running on 4 cores.
Computation number: 0
Hessian string: 
Excel string: 78052.7138221104,196028.13117671758,-63047.6932565216,-97497.19582032412,-103837.60280092247,103072.85410817713,1853940.371220233,-101662.12290641852,-176393.55661231093,-156325.9883550927,-364610.1181220729,-1029816.1565151531,-1929476.4591904823,128841.0103006754,,,,,,,0,609.9480695532657,,,,,,,,0,609.9480695532657,,,,,,,,0,609.9480695532657,,,,,,,,0,609.9480695532657,,,,,,,,0,609.9480695532657,,,,,,,,0,609.9480695532657,,,,,,,,0,609.9480695532657,,,,,,,,0,609.9480695532657,
HoF string: 365.7, 86.35346963604442, -350.7675857861159, 112.8358184132594, 174.51211434149627, 185.99809507691134, -184.48922688207858, -3318.457889918136, 181.95997469661052, 315.7286643329371, 279.8071577103656, 652.6093777381448, 1843.21812596977, 3453.593611055794, -230.61142883307184
Dipole string: 
Ionization string: 
Geometry string: 0, 609.9480695532657,948.6082728926704, -118.87119626408094, 25.236776082238066, 1308.8924117710121, 0.0, -1005.8644772925618, -39.33151560886472, 30.906205665814923, 5.374263309931848, -30.612759474024642, -390.1227796632156, 353.545818825296, 0.0
---------
TOTAL EXCEL STRING:
78052.7138221104,196028.13117671758,-63047.6932565216,-97497.19582032412,-103837.60280092247,103072.85410817713,1853940.371220233,-101662.12290641852,-176393.55661231093,-156325.9883550927,-364610.1181220729,-1029816.1565151531,-1929476.4591904823,128841.0103006754,,,,,,,0,609.9480695532657,,,,,,,,0,609.9480695532657,,,,,,,,0,609.9480695532657,,,,,,,,0,609.9480695532657,,,,,,,,0,609.9480695532657,,,,,,,,0,609.9480695532657,,,,,,,,0,609.9480695532657,,,,,,,,0,609.9480695532657,
TOTAL HESSIAN STRING:

TOTAL HEAT STRING:
365.7, 86.35346963604442, -350.7675857861159, 112.8358184132594, 174.51211434149627, 185.99809507691134, -184.48922688207858, -3318.457889918136, 181.95997469661052, 315.7286643329371, 279.8071577103656, 652.6093777381448, 1843.21812596977, 3453.593611055794, -230.61142883307184
TOTAL DIPOLE STRING:

TOTAL IONIZATION STRING:

TOTAL GEOMETRY STRING:
0, 609.9480695532657,948.6082728926704, -118.87119626408094, 25.236776082238066, 1308.8924117710121, 0.0, -1005.8644772925618, -39.33151560886472, 30.906205665814923, 5.374263309931848, -30.612759474024642, -390.1227796632156, 353.545818825296, 0.0
-----------
SUM OF ERROR FUNCTION: 78052.7138221104
GRADIENT SUM: 196028.13117671758, -63047.6932565216, -97497.19582032412, -103837.60280092247, 103072.85410817713, 1853940.371220233, -101662.12290641852, -176393.55661231093, -156325.9883550927, -364610.1181220729, -1029816.1565151531, -1929476.4591904823, 128841.0103006754
NEW HESSIAN: -5258128.858035246,-18444.31082963865,-26174.307599162843,-38104.527070951444,32167.862783095858,-4488338.439958656,-19906.28875851637,-24194.159274891834,-53870.08890894885,-98396.37296418822,-226541.706006316,-142662.87157441955,36208.10028413788,-8260906.29997294,-3.1882690664921835E7,-3.896945666176568E7,-10940.735753779874,-86592.0868914678,-3.661419600362861E7,-2.3616633563000094E7,-2347720.1813679156,-8231922.266540978,-9369699.968498942,-2.4755037479615115E7,-11856.945107939791,-3530182.005062511,-1.0610364534674304E7,-11110.486775504862,-120286.19648527983,-3.778919933884228E7,-1.5344170402010906E7,-1.2970691190429678E7,-2.475991025039797E7,-2.7055686446368426E7,-1.5283872197777646E7,-17526.111509318813,-4.366752895297688E7,-24097.284135378955,-208386.1653139796,-2.3609202178232625E7,-2.8329158127727572E7,-3.0676890611416053E7,-1.2915211195620693E7,-2.3443184493790694E7,-1.1682517764382288E7,-28666.43352784484,17688.88597111375,131742.8799528589,-11245.459311580868,-14912.729771468468,-28439.694348804915,-53478.446861649456,-121519.2712309577,-76714.93272104952,19200.74947865856,-7274346.167153109,-89852.69269079785,-110188.69557091594,-233575.58747974434,-451096.1075694747,-993507.8656644076,-423673.9697989598,167225.7527534105,-4.4879410024714515E7,-4.6062174031300716E7,-2.2431257138775565E7,-4.012611182612998E7,-5.425328865913501E7,-2.948413335842651E7,-13329.256448435059,5918713.520400013,-2.1242744632039692E7,-1.294273516258172E7,-3.1782871176099118E7,-2.0028502341532897E7,-17185.77324055726,-4689141.856583309,-9362706.57632294,-2.105569656732231E7,-2.8213405276153535E7,-37004.84527596293,4908893.502189471,-2.5567867950994655E7,-3.517140015511136E7,-66484.3510159105,-7309631.9371090215,565235.7465650663,-154445.95143167698,1.3047092157375533E7,-99896.07863102923,-861483.073472261,
HESSIAN EIGENVALUES: [-211370608.495354; -39159503.959192; -12453942.578498; -10803754.070303; -7437477.052149; -1674934.777244; -852807.216708; 21600.940481; 15386171.528973; 17572333.014052; 38557946.945532; 47246697.642301; 63129906.968967]
Running on 4 cores.
Computation number: 0
Hessian string: 
Excel string: 78052.7138221104,196028.13117671758,-63047.6932565216,-97497.19582032412,-103837.60280092247,103072.85410817713,1853940.371220233,-101662.12290641852,-176393.55661231093,-156325.9883550927,-364610.1181220729,-1029816.1565151531,-1929476.4591904823,128841.0103006754,,,,,,,0,609.9480695532657,,,,,,,,0,609.9480695532657,,,,,,,,0,609.9480695532657,,,,,,,,0,609.9480695532657,,,,,,,,0,609.9480695532657,,,,,,,,0,609.9480695532657,,,,,,,,0,609.9480695532657,,,,,,,,0,609.9480695532657,
HoF string: 365.7, 86.35346963604442, -350.7675857861159, 112.8358184132594, 174.51211434149627, 185.99809507691134, -184.48922688207858, -3318.457889918136, 181.95997469661052, 315.7286643329371, 279.8071577103656, 652.6093777381448, 1843.21812596977, 3453.593611055794, -230.61142883307184
Dipole string: 
Ionization string: 
Geometry string: 0, 609.9480695532657,948.6082728926704, -118.87119626408094, 25.236776082238066, 1308.8924117710121, 0.0, -1005.8644772925618, -39.33151560886472, 30.906205665814923, 5.374263309931848, -30.612759474024642, -390.1227796632156, 353.545818825296, 0.0
---------
TOTAL EXCEL STRING:
78052.7138221104,196028.13117671758,-63047.6932565216,-97497.19582032412,-103837.60280092247,103072.85410817713,1853940.371220233,-101662.12290641852,-176393.55661231093,-156325.9883550927,-364610.1181220729,-1029816.1565151531,-1929476.4591904823,128841.0103006754,,,,,,,0,609.9480695532657,,,,,,,,0,609.9480695532657,,,,,,,,0,609.9480695532657,,,,,,,,0,609.9480695532657,,,,,,,,0,609.9480695532657,,,,,,,,0,609.9480695532657,,,,,,,,0,609.9480695532657,,,,,,,,0,609.9480695532657,
TOTAL HESSIAN STRING:

TOTAL HEAT STRING:
365.7, 86.35346963604442, -350.7675857861159, 112.8358184132594, 174.51211434149627, 185.99809507691134, -184.48922688207858, -3318.457889918136, 181.95997469661052, 315.7286643329371, 279.8071577103656, 652.6093777381448, 1843.21812596977, 3453.593611055794, -230.61142883307184
TOTAL DIPOLE STRING:

TOTAL IONIZATION STRING:

TOTAL GEOMETRY STRING:
0, 609.9480695532657,948.6082728926704, -118.87119626408094, 25.236776082238066, 1308.8924117710121, 0.0, -1005.8644772925618, -39.33151560886472, 30.906205665814923, 5.374263309931848, -30.612759474024642, -390.1227796632156, 353.545818825296, 0.0
-----------
SUM OF ERROR FUNCTION: 78052.7138221104
GRADIENT SUM: 196028.13117671758, -63047.6932565216, -97497.19582032412, -103837.60280092247, 103072.85410817713, 1853940.371220233, -101662.12290641852, -176393.55661231093, -156325.9883550927, -364610.1181220729, -1029816.1565151531, -1929476.4591904823, 128841.0103006754
NEW HESSIAN: -5258128.858035246,-18444.31082963865,-26174.307599162843,-38104.527070951444,32167.862783095858,-4488338.439958656,-19906.28875851637,-24194.159274891834,-53870.08890894885,-98396.37296418822,-226541.706006316,-142662.87157441955,36208.10028413788,-8260906.29997294,-3.1882690664921835E7,-3.896945666176568E7,-10940.735753779874,-86592.0868914678,-3.661419600362861E7,-2.3616633563000094E7,-2347720.1813679156,-8231922.266540978,-9369699.968498942,-2.4755037479615115E7,-11856.945107939791,-3530182.005062511,-1.0610364534674304E7,-11110.486775504862,-120286.19648527983,-3.778919933884228E7,-1.5344170402010906E7,-1.2970691190429678E7,-2.475991025039797E7,-2.7055686446368426E7,-1.5283872197777646E7,-17526.111509318813,-4.366752895297688E7,-24097.284135378955,-208386.1653139796,-2.3609202178232625E7,-2.8329158127727572E7,-3.0676890611416053E7,-1.2915211195620693E7,-2.3443184493790694E7,-1.1682517764382288E7,-28666.43352784484,17688.88597111375,131742.8799528589,-11245.459311580868,-14912.729771468468,-28439.694348804915,-53478.446861649456,-121519.2712309577,-76714.93272104952,19200.74947865856,-7274346.167153109,-89852.69269079785,-110188.69557091594,-233575.58747974434,-451096.1075694747,-993507.8656644076,-423673.9697989598,167225.7527534105,-4.4879410024714515E7,-4.6062174031300716E7,-2.2431257138775565E7,-4.012611182612998E7,-5.425328865913501E7,-2.948413335842651E7,-13329.256448435059,5918713.520400013,-2.1242744632039692E7,-1.294273516258172E7,-3.1782871176099118E7,-2.0028502341532897E7,-17185.77324055726,-4689141.856583309,-9362706.57632294,-2.105569656732231E7,-2.8213405276153535E7,-37004.84527596293,4908893.502189471,-2.5567867950994655E7,-3.517140015511136E7,-66484.3510159105,-7309631.9371090215,565235.7465650663,-154445.95143167698,1.3047092157375533E7,-99896.07863102923,-861483.073472261,
HESSIAN EIGENVALUES: [-211370608.495354; -39159503.959192; -12453942.578498; -10803754.070303; -7437477.052149; -1674934.777244; -852807.216708; 21600.940481; 15386171.528973; 17572333.014052; 38557946.945532; 47246697.642301; 63129906.968967]
Running on 4 cores.
Computation number: 0
Hessian string: 
Excel string: 23889.45585277604,0.0,0.0,0.0,0.0,0.0,187349.2829327006,-8695.11113705812,-20531.120935629588,-34290.22104683099,-51254.85247845063,-62857.02340392163,-204066.98200531537,21386.267799243797,,,,,,,,,,,,,,,,,,,,,,,,,,,,,,,,,,,,,,,,,,,,,,,,
HoF string: 365.7, 211.13785763397286, 0.0, 0.0, 0.0, 0.0, 0.0, -606.064471355694, 28.128204974109394, 66.41704459298126, 110.92697661752027, 165.8066278764636, 203.33901488811534, 660.1455649501986, -69.18339437333998
Dipole string: 
Ionization string: 
Geometry string: 
---------
TOTAL EXCEL STRING:
23889.45585277604,0.0,0.0,0.0,0.0,0.0,187349.2829327006,-8695.11113705812,-20531.120935629588,-34290.22104683099,-51254.85247845063,-62857.02340392163,-204066.98200531537,21386.267799243797,,,,,,,,,,,,,,,,,,,,,,,,,,,,,,,,,,,,,,,,,,,,,,,,
TOTAL HESSIAN STRING:

TOTAL HEAT STRING:
365.7, 211.13785763397286, 0.0, 0.0, 0.0, 0.0, 0.0, -606.064471355694, 28.128204974109394, 66.41704459298126, 110.92697661752027, 165.8066278764636, 203.33901488811534, 660.1455649501986, -69.18339437333998
TOTAL DIPOLE STRING:

TOTAL IONIZATION STRING:

TOTAL GEOMETRY STRING:

-----------
SUM OF ERROR FUNCTION: 23889.45585277604
GRADIENT SUM: 0.0, 0.0, 0.0, 0.0, 0.0, 187349.2829327006, -8695.11113705812, -20531.120935629588, -34290.22104683099, -51254.85247845063, -62857.02340392163, -204066.98200531537, 21386.267799243797
NEW HESSIAN: 3383958.2198767024,-2798165.4424630892,-4324401.267323367,-4617403.778505,4576347.431362031,6.896274719790357E7,-4117976.3459772216,-6893902.718134377,-5435844.966683761,-1.391467063189649E7,-4.2852109796637416E7,-7.617437084908763E7,4774322.36976294,-7366867.700057682,-3.050016070550667E7,-3.749695190778999E7,-1472540.9244092787,-2.371826177023282E7,-3.529592387774532E7,-2.1406540798650425E7,-617144.7120962796,-3788403.806386344,4341828.12645561,-289844.0549260344,-1535625.6377737797,-1392417.7986287847,-8332742.825061731,-2271207.5528482962,-3.665099790769251E7,-3.5751003126172975E7,-1.192752028349727E7,-1.0293834810589287E7,-1.7888180480870713E7,-5855594.570615442,2.2529827981987536E7,-2374109.417671327,-4.1244197370135665E7,-2431744.6016231976,-3.9175062573455244E7,-2.143672548320818E7,-2.4685607982374676E7,-2.782905096866778E7,-5597752.680020056,-848798.2880627798,2.8677491591529053E7,-2537504.77446717,2407090.021961759,3.87572487571676E7,-2166165.027349454,-3627397.37870864,-2858088.129601569,-7318079.457810277,-2.2535470305190973E7,-4.006111501397212E7,2510458.118393821,6.163298110523509E8,-3.49060365128951E7,-5.844773863195495E7,-4.6034290460418865E7,-1.179306907183112E8,-3.6316418172719204E8,-6.4558316745742E8,4.046396125808315E7,-4.293641057998999E7,-4.280561593265833E7,-1.987790019581909E7,-3.357334817738533E7,-3.404269140140149E7,6547778.956727635,-2260697.927594294,1.1375870135301262E7,-1.6960258245850075E7,-1956168.5657278127,2092355.8158587671,4.03325367093509E7,-3785523.4384222636,-1342452.514576401,-762912.873095043,5499758.969042728,1.92270161454158E7,-2985451.2491689287,2.6993242703146946E7,4.258723666901782E7,8.64630128576257E7,-7639365.237958772,2.0291421462055206E8,3.7540049207294494E8,-2.352882179830091E7,6.803204141975121E8,-4.1826307092941105E7,1735201.6300200634,
HESSIAN EIGENVALUES: [-180075721.722939; -38643735.637022; -12478986.007077; -8563086.465470; -3586896.017361; -898156.677467; -14734.255567; 15321672.475888; 16774674.507991; 29907678.997077; 40627267.570114; 54159344.160061; 1538648135.689106]
Running on 4 cores.
Computation number: 0
Hessian string: 
Excel string: 78052.7138221104,196028.13117671758,-63047.6932565216,-97497.19582032412,-103837.60280092247,103072.85410817713,1853940.371220233,-101662.12290641852,-176393.55661231093,-156325.9883550927,-364610.1181220729,-1029816.1565151531,-1929476.4591904823,128841.0103006754,,,,,,,0,609.9480695532657,,,,,,,,0,609.9480695532657,,,,,,,,0,609.9480695532657,,,,,,,,0,609.9480695532657,,,,,,,,0,609.9480695532657,,,,,,,,0,609.9480695532657,,,,,,,,0,609.9480695532657,,,,,,,,0,609.9480695532657,
HoF string: 365.7, 86.35346963604442, -350.7675857861159, 112.8358184132594, 174.51211434149627, 185.99809507691134, -184.48922688207858, -3318.457889918136, 181.95997469661052, 315.7286643329371, 279.8071577103656, 652.6093777381448, 1843.21812596977, 3453.593611055794, -230.61142883307184
Dipole string: 
Ionization string: 
Geometry string: 0, 609.9480695532657,948.6082728926704, -118.87119626408094, 25.236776082238066, 1308.8924117710121, 0.0, -1005.8644772925618, -39.33151560886472, 30.906205665814923, 5.374263309931848, -30.612759474024642, -390.1227796632156, 353.545818825296, 0.0
---------
TOTAL EXCEL STRING:
78052.7138221104,196028.13117671758,-63047.6932565216,-97497.19582032412,-103837.60280092247,103072.85410817713,1853940.371220233,-101662.12290641852,-176393.55661231093,-156325.9883550927,-364610.1181220729,-1029816.1565151531,-1929476.4591904823,128841.0103006754,,,,,,,0,609.9480695532657,,,,,,,,0,609.9480695532657,,,,,,,,0,609.9480695532657,,,,,,,,0,609.9480695532657,,,,,,,,0,609.9480695532657,,,,,,,,0,609.9480695532657,,,,,,,,0,609.9480695532657,,,,,,,,0,609.9480695532657,
TOTAL HESSIAN STRING:

TOTAL HEAT STRING:
365.7, 86.35346963604442, -350.7675857861159, 112.8358184132594, 174.51211434149627, 185.99809507691134, -184.48922688207858, -3318.457889918136, 181.95997469661052, 315.7286643329371, 279.8071577103656, 652.6093777381448, 1843.21812596977, 3453.593611055794, -230.61142883307184
TOTAL DIPOLE STRING:

TOTAL IONIZATION STRING:

TOTAL GEOMETRY STRING:
0, 609.9480695532657,948.6082728926704, -118.87119626408094, 25.236776082238066, 1308.8924117710121, 0.0, -1005.8644772925618, -39.33151560886472, 30.906205665814923, 5.374263309931848, -30.612759474024642, -390.1227796632156, 353.545818825296, 0.0
-----------
SUM OF ERROR FUNCTION: 78052.7138221104
GRADIENT SUM: 196028.13117671758, -63047.6932565216, -97497.19582032412, -103837.60280092247, 103072.85410817713, 1853940.371220233, -101662.12290641852, -176393.55661231093, -156325.9883550927, -364610.1181220729, -1029816.1565151531, -1929476.4591904823, 128841.0103006754
NEW HESSIAN: -5258128.858035246,-18444.31082963865,-26174.307599162843,-38104.527070951444,32167.862783095858,-4488338.439958656,-19906.28875851637,-24194.159274891834,-53870.08890894885,-98396.37296418822,-226541.706006316,-142662.87157441955,36208.10028413788,-8260906.29997294,-3.1882690664921835E7,-3.896945666176568E7,-10940.735753779874,-86592.0868914678,-3.661419600362861E7,-2.3616633563000094E7,-2347720.1813679156,-8231922.266540978,-9369699.968498942,-2.4755037479615115E7,-11856.945107939791,-3530182.005062511,-1.0610364534674304E7,-11110.486775504862,-120286.19648527983,-3.778919933884228E7,-1.5344170402010906E7,-1.2970691190429678E7,-2.475991025039797E7,-2.7055686446368426E7,-1.5283872197777646E7,-17526.111509318813,-4.366752895297688E7,-24097.284135378955,-208386.1653139796,-2.3609202178232625E7,-2.8329158127727572E7,-3.0676890611416053E7,-1.2915211195620693E7,-2.3443184493790694E7,-1.1682517764382288E7,-28666.43352784484,17688.88597111375,131742.8799528589,-11245.459311580868,-14912.729771468468,-28439.694348804915,-53478.446861649456,-121519.2712309577,-76714.93272104952,19200.74947865856,-7274346.167153109,-89852.69269079785,-110188.69557091594,-233575.58747974434,-451096.1075694747,-993507.8656644076,-423673.9697989598,167225.7527534105,-4.4879410024714515E7,-4.6062174031300716E7,-2.2431257138775565E7,-4.012611182612998E7,-5.425328865913501E7,-2.948413335842651E7,-13329.256448435059,5918713.520400013,-2.1242744632039692E7,-1.294273516258172E7,-3.1782871176099118E7,-2.0028502341532897E7,-17185.77324055726,-4689141.856583309,-9362706.57632294,-2.105569656732231E7,-2.8213405276153535E7,-37004.84527596293,4908893.502189471,-2.5567867950994655E7,-3.517140015511136E7,-66484.3510159105,-7309631.9371090215,565235.7465650663,-154445.95143167698,1.3047092157375533E7,-99896.07863102923,-861483.073472261,
HESSIAN EIGENVALUES: [-211370608.495354; -39159503.959192; -12453942.578498; -10803754.070303; -7437477.052149; -1674934.777244; -852807.216708; 21600.940481; 15386171.528973; 17572333.014052; 38557946.945532; 47246697.642301; 63129906.968967]
Running on 4 cores.
Computation number: 0
Hessian string: 
Excel string: 78052.7138221104,196028.13117671758,-63047.6932565216,-97497.19582032412,-103837.60280092247,103072.85410817713,1853940.371220233,-101662.12290641852,-176393.55661231093,-156325.9883550927,-364610.1181220729,-1029816.1565151531,-1929476.4591904823,128841.0103006754,,,,,,,0,609.9480695532657,,,,,,,,0,609.9480695532657,,,,,,,,0,609.9480695532657,,,,,,,,0,609.9480695532657,,,,,,,,0,609.9480695532657,,,,,,,,0,609.9480695532657,,,,,,,,0,609.9480695532657,,,,,,,,0,609.9480695532657,
HoF string: 365.7, 86.35346963604442, -350.7675857861159, 112.8358184132594, 174.51211434149627, 185.99809507691134, -184.48922688207858, -3318.457889918136, 181.95997469661052, 315.7286643329371, 279.8071577103656, 652.6093777381448, 1843.21812596977, 3453.593611055794, -230.61142883307184
Dipole string: 
Ionization string: 
Geometry string: 0, 609.9480695532657,948.6082728926704, -118.87119626408094, 25.236776082238066, 1308.8924117710121, 0.0, -1005.8644772925618, -39.33151560886472, 30.906205665814923, 5.374263309931848, -30.612759474024642, -390.1227796632156, 353.545818825296, 0.0
---------
TOTAL EXCEL STRING:
78052.7138221104,196028.13117671758,-63047.6932565216,-97497.19582032412,-103837.60280092247,103072.85410817713,1853940.371220233,-101662.12290641852,-176393.55661231093,-156325.9883550927,-364610.1181220729,-1029816.1565151531,-1929476.4591904823,128841.0103006754,,,,,,,0,609.9480695532657,,,,,,,,0,609.9480695532657,,,,,,,,0,609.9480695532657,,,,,,,,0,609.9480695532657,,,,,,,,0,609.9480695532657,,,,,,,,0,609.9480695532657,,,,,,,,0,609.9480695532657,,,,,,,,0,609.9480695532657,
TOTAL HESSIAN STRING:

TOTAL HEAT STRING:
365.7, 86.35346963604442, -350.7675857861159, 112.8358184132594, 174.51211434149627, 185.99809507691134, -184.48922688207858, -3318.457889918136, 181.95997469661052, 315.7286643329371, 279.8071577103656, 652.6093777381448, 1843.21812596977, 3453.593611055794, -230.61142883307184
TOTAL DIPOLE STRING:

TOTAL IONIZATION STRING:

TOTAL GEOMETRY STRING:
0, 609.9480695532657,948.6082728926704, -118.87119626408094, 25.236776082238066, 1308.8924117710121, 0.0, -1005.8644772925618, -39.33151560886472, 30.906205665814923, 5.374263309931848, -30.612759474024642, -390.1227796632156, 353.545818825296, 0.0
-----------
SUM OF ERROR FUNCTION: 78052.7138221104
GRADIENT SUM: 196028.13117671758, -63047.6932565216, -97497.19582032412, -103837.60280092247, 103072.85410817713, 1853940.371220233, -101662.12290641852, -176393.55661231093, -156325.9883550927, -364610.1181220729, -1029816.1565151531, -1929476.4591904823, 128841.0103006754
NEW HESSIAN: -5258128.858035246,-18444.31082963865,-26174.307599162843,-38104.527070951444,32167.862783095858,-4488338.439958656,-19906.28875851637,-24194.159274891834,-53870.08890894885,-98396.37296418822,-226541.706006316,-142662.87157441955,36208.10028413788,-8260906.29997294,-3.1882690664921835E7,-3.896945666176568E7,-10940.735753779874,-86592.0868914678,-3.661419600362861E7,-2.3616633563000094E7,-2347720.1813679156,-8231922.266540978,-9369699.968498942,-2.4755037479615115E7,-11856.945107939791,-3530182.005062511,-1.0610364534674304E7,-11110.486775504862,-120286.19648527983,-3.778919933884228E7,-1.5344170402010906E7,-1.2970691190429678E7,-2.475991025039797E7,-2.7055686446368426E7,-1.5283872197777646E7,-17526.111509318813,-4.366752895297688E7,-24097.284135378955,-208386.1653139796,-2.3609202178232625E7,-2.8329158127727572E7,-3.0676890611416053E7,-1.2915211195620693E7,-2.3443184493790694E7,-1.1682517764382288E7,-28666.43352784484,17688.88597111375,131742.8799528589,-11245.459311580868,-14912.729771468468,-28439.694348804915,-53478.446861649456,-121519.2712309577,-76714.93272104952,19200.74947865856,-7274346.167153109,-89852.69269079785,-110188.69557091594,-233575.58747974434,-451096.1075694747,-993507.8656644076,-423673.9697989598,167225.7527534105,-4.4879410024714515E7,-4.6062174031300716E7,-2.2431257138775565E7,-4.012611182612998E7,-5.425328865913501E7,-2.948413335842651E7,-13329.256448435059,5918713.520400013,-2.1242744632039692E7,-1.294273516258172E7,-3.1782871176099118E7,-2.0028502341532897E7,-17185.77324055726,-4689141.856583309,-9362706.57632294,-2.105569656732231E7,-2.8213405276153535E7,-37004.84527596293,4908893.502189471,-2.5567867950994655E7,-3.517140015511136E7,-66484.3510159105,-7309631.9371090215,565235.7465650663,-154445.95143167698,1.3047092157375533E7,-99896.07863102923,-861483.073472261,
HESSIAN EIGENVALUES: [-211370608.495354; -39159503.959192; -12453942.578498; -10803754.070303; -7437477.052149; -1674934.777244; -852807.216708; 21600.940481; 15386171.528973; 17572333.014052; 38557946.945532; 47246697.642301; 63129906.968967]
Running on 4 cores.
Computation number: 0
Hessian string: 
Excel string: 78052.7138221104,196028.13117671758,-63047.6932565216,-97497.19582032412,-103837.60280092247,103072.85410817713,1853940.371220233,-101662.12290641852,-176393.55661231093,-156325.9883550927,-364610.1181220729,-1029816.1565151531,-1929476.4591904823,128841.0103006754,,,,,,,0,609.9480695532657,,,,,,,,0,609.9480695532657,,,,,,,,0,609.9480695532657,,,,,,,,0,609.9480695532657,,,,,,,,0,609.9480695532657,,,,,,,,0,609.9480695532657,,,,,,,,0,609.9480695532657,,,,,,,,0,609.9480695532657,
HoF string: 365.7, 86.35346963604442, -350.7675857861159, 112.8358184132594, 174.51211434149627, 185.99809507691134, -184.48922688207858, -3318.457889918136, 181.95997469661052, 315.7286643329371, 279.8071577103656, 652.6093777381448, 1843.21812596977, 3453.593611055794, -230.61142883307184
Dipole string: 
Ionization string: 
Geometry string: 0, 609.9480695532657,948.6082728926704, -118.87119626408094, 25.236776082238066, 1308.8924117710121, 0.0, -1005.8644772925618, -39.33151560886472, 30.906205665814923, 5.374263309931848, -30.612759474024642, -390.1227796632156, 353.545818825296, 0.0
---------
TOTAL EXCEL STRING:
78052.7138221104,196028.13117671758,-63047.6932565216,-97497.19582032412,-103837.60280092247,103072.85410817713,1853940.371220233,-101662.12290641852,-176393.55661231093,-156325.9883550927,-364610.1181220729,-1029816.1565151531,-1929476.4591904823,128841.0103006754,,,,,,,0,609.9480695532657,,,,,,,,0,609.9480695532657,,,,,,,,0,609.9480695532657,,,,,,,,0,609.9480695532657,,,,,,,,0,609.9480695532657,,,,,,,,0,609.9480695532657,,,,,,,,0,609.9480695532657,,,,,,,,0,609.9480695532657,
TOTAL HESSIAN STRING:

TOTAL HEAT STRING:
365.7, 86.35346963604442, -350.7675857861159, 112.8358184132594, 174.51211434149627, 185.99809507691134, -184.48922688207858, -3318.457889918136, 181.95997469661052, 315.7286643329371, 279.8071577103656, 652.6093777381448, 1843.21812596977, 3453.593611055794, -230.61142883307184
TOTAL DIPOLE STRING:

TOTAL IONIZATION STRING:

TOTAL GEOMETRY STRING:
0, 609.9480695532657,948.6082728926704, -118.87119626408094, 25.236776082238066, 1308.8924117710121, 0.0, -1005.8644772925618, -39.33151560886472, 30.906205665814923, 5.374263309931848, -30.612759474024642, -390.1227796632156, 353.545818825296, 0.0
-----------
SUM OF ERROR FUNCTION: 78052.7138221104
GRADIENT SUM: 196028.13117671758, -63047.6932565216, -97497.19582032412, -103837.60280092247, 103072.85410817713, 1853940.371220233, -101662.12290641852, -176393.55661231093, -156325.9883550927, -364610.1181220729, -1029816.1565151531, -1929476.4591904823, 128841.0103006754
NEW HESSIAN: -5258128.858035246,-18444.31082963865,-26174.307599162843,-38104.527070951444,32167.862783095858,-4488338.439958656,-19906.28875851637,-24194.159274891834,-53870.08890894885,-98396.37296418822,-226541.706006316,-142662.87157441955,36208.10028413788,-8260906.29997294,-3.1882690664921835E7,-3.896945666176568E7,-10940.735753779874,-86592.0868914678,-3.661419600362861E7,-2.3616633563000094E7,-2347720.1813679156,-8231922.266540978,-9369699.968498942,-2.4755037479615115E7,-11856.945107939791,-3530182.005062511,-1.0610364534674304E7,-11110.486775504862,-120286.19648527983,-3.778919933884228E7,-1.5344170402010906E7,-1.2970691190429678E7,-2.475991025039797E7,-2.7055686446368426E7,-1.5283872197777646E7,-17526.111509318813,-4.366752895297688E7,-24097.284135378955,-208386.1653139796,-2.3609202178232625E7,-2.8329158127727572E7,-3.0676890611416053E7,-1.2915211195620693E7,-2.3443184493790694E7,-1.1682517764382288E7,-28666.43352784484,17688.88597111375,131742.8799528589,-11245.459311580868,-14912.729771468468,-28439.694348804915,-53478.446861649456,-121519.2712309577,-76714.93272104952,19200.74947865856,-7274346.167153109,-89852.69269079785,-110188.69557091594,-233575.58747974434,-451096.1075694747,-993507.8656644076,-423673.9697989598,167225.7527534105,-4.4879410024714515E7,-4.6062174031300716E7,-2.2431257138775565E7,-4.012611182612998E7,-5.425328865913501E7,-2.948413335842651E7,-13329.256448435059,5918713.520400013,-2.1242744632039692E7,-1.294273516258172E7,-3.1782871176099118E7,-2.0028502341532897E7,-17185.77324055726,-4689141.856583309,-9362706.57632294,-2.105569656732231E7,-2.8213405276153535E7,-37004.84527596293,4908893.502189471,-2.5567867950994655E7,-3.517140015511136E7,-66484.3510159105,-7309631.9371090215,565235.7465650663,-154445.95143167698,1.3047092157375533E7,-99896.07863102923,-861483.073472261,
HESSIAN EIGENVALUES: [-211370608.495354; -39159503.959192; -12453942.578498; -10803754.070303; -7437477.052149; -1674934.777244; -852807.216708; 21600.940481; 15386171.528973; 17572333.014052; 38557946.945532; 47246697.642301; 63129906.968967]
Running on 4 cores.
Computation number: 0
Hessian string: 
Excel string: 78052.7138221104,196028.13117671758,-63047.6932565216,-97497.19582032412,-103837.60280092247,103072.85410817713,1853940.371220233,-101662.12290641852,-176393.55661231093,-156325.9883550927,-364610.1181220729,-1029816.1565151531,-1929476.4591904823,128841.0103006754,,,,,,,0,609.9480695532657,,,,,,,,0,609.9480695532657,,,,,,,,0,609.9480695532657,,,,,,,,0,609.9480695532657,,,,,,,,0,609.9480695532657,,,,,,,,0,609.9480695532657,,,,,,,,0,609.9480695532657,,,,,,,,0,609.9480695532657,
HoF string: 365.7, 86.35346963604442, -350.7675857861159, 112.8358184132594, 174.51211434149627, 185.99809507691134, -184.48922688207858, -3318.457889918136, 181.95997469661052, 315.7286643329371, 279.8071577103656, 652.6093777381448, 1843.21812596977, 3453.593611055794, -230.61142883307184
Dipole string: 
Ionization string: 
Geometry string: 0, 609.9480695532657,948.6082728926704, -118.87119626408094, 25.236776082238066, 1308.8924117710121, 0.0, -1005.8644772925618, -39.33151560886472, 30.906205665814923, 5.374263309931848, -30.612759474024642, -390.1227796632156, 353.545818825296, 0.0
---------
TOTAL EXCEL STRING:
78052.7138221104,196028.13117671758,-63047.6932565216,-97497.19582032412,-103837.60280092247,103072.85410817713,1853940.371220233,-101662.12290641852,-176393.55661231093,-156325.9883550927,-364610.1181220729,-1029816.1565151531,-1929476.4591904823,128841.0103006754,,,,,,,0,609.9480695532657,,,,,,,,0,609.9480695532657,,,,,,,,0,609.9480695532657,,,,,,,,0,609.9480695532657,,,,,,,,0,609.9480695532657,,,,,,,,0,609.9480695532657,,,,,,,,0,609.9480695532657,,,,,,,,0,609.9480695532657,
TOTAL HESSIAN STRING:

TOTAL HEAT STRING:
365.7, 86.35346963604442, -350.7675857861159, 112.8358184132594, 174.51211434149627, 185.99809507691134, -184.48922688207858, -3318.457889918136, 181.95997469661052, 315.7286643329371, 279.8071577103656, 652.6093777381448, 1843.21812596977, 3453.593611055794, -230.61142883307184
TOTAL DIPOLE STRING:

TOTAL IONIZATION STRING:

TOTAL GEOMETRY STRING:
0, 609.9480695532657,948.6082728926704, -118.87119626408094, 25.236776082238066, 1308.8924117710121, 0.0, -1005.8644772925618, -39.33151560886472, 30.906205665814923, 5.374263309931848, -30.612759474024642, -390.1227796632156, 353.545818825296, 0.0
-----------
SUM OF ERROR FUNCTION: 78052.7138221104
GRADIENT SUM: 196028.13117671758, -63047.6932565216, -97497.19582032412, -103837.60280092247, 103072.85410817713, 1853940.371220233, -101662.12290641852, -176393.55661231093, -156325.9883550927, -364610.1181220729, -1029816.1565151531, -1929476.4591904823, 128841.0103006754
NEW HESSIAN: -5258128.858035246,-18444.31082963865,-26174.307599162843,-38104.527070951444,32167.862783095858,-4488338.439958656,-19906.28875851637,-24194.159274891834,-53870.08890894885,-98396.37296418822,-226541.706006316,-142662.87157441955,36208.10028413788,-8260906.29997294,-3.1882690664921835E7,-3.896945666176568E7,-10940.735753779874,-86592.0868914678,-3.661419600362861E7,-2.3616633563000094E7,-2347720.1813679156,-8231922.266540978,-9369699.968498942,-2.4755037479615115E7,-11856.945107939791,-3530182.005062511,-1.0610364534674304E7,-11110.486775504862,-120286.19648527983,-3.778919933884228E7,-1.5344170402010906E7,-1.2970691190429678E7,-2.475991025039797E7,-2.7055686446368426E7,-1.5283872197777646E7,-17526.111509318813,-4.366752895297688E7,-24097.284135378955,-208386.1653139796,-2.3609202178232625E7,-2.8329158127727572E7,-3.0676890611416053E7,-1.2915211195620693E7,-2.3443184493790694E7,-1.1682517764382288E7,-28666.43352784484,17688.88597111375,131742.8799528589,-11245.459311580868,-14912.729771468468,-28439.694348804915,-53478.446861649456,-121519.2712309577,-76714.93272104952,19200.74947865856,-7274346.167153109,-89852.69269079785,-110188.69557091594,-233575.58747974434,-451096.1075694747,-993507.8656644076,-423673.9697989598,167225.7527534105,-4.4879410024714515E7,-4.6062174031300716E7,-2.2431257138775565E7,-4.012611182612998E7,-5.425328865913501E7,-2.948413335842651E7,-13329.256448435059,5918713.520400013,-2.1242744632039692E7,-1.294273516258172E7,-3.1782871176099118E7,-2.0028502341532897E7,-17185.77324055726,-4689141.856583309,-9362706.57632294,-2.105569656732231E7,-2.8213405276153535E7,-37004.84527596293,4908893.502189471,-2.5567867950994655E7,-3.517140015511136E7,-66484.3510159105,-7309631.9371090215,565235.7465650663,-154445.95143167698,1.3047092157375533E7,-99896.07863102923,-861483.073472261,
HESSIAN EIGENVALUES: [-211370608.495354; -39159503.959192; -12453942.578498; -10803754.070303; -7437477.052149; -1674934.777244; -852807.216708; 21600.940481; 15386171.528973; 17572333.014052; 38557946.945532; 47246697.642301; 63129906.968967]
Running on 4 cores.
Computation number: 0
Hessian string: 
Excel string: 78052.7138221104,196028.13117671758,-63047.6932565216,-97497.19582032412,-103837.60280092247,103072.85410817713,1853940.371220233,-101662.12290641852,-176393.55661231093,-156325.9883550927,-364610.1181220729,-1029816.1565151531,-1929476.4591904823,128841.0103006754,,,,,,,0,609.9480695532657,,,,,,,,0,609.9480695532657,,,,,,,,0,609.9480695532657,,,,,,,,0,609.9480695532657,,,,,,,,0,609.9480695532657,,,,,,,,0,609.9480695532657,,,,,,,,0,609.9480695532657,,,,,,,,0,609.9480695532657,
HoF string: 365.7, 86.35346963604442, -350.7675857861159, 112.8358184132594, 174.51211434149627, 185.99809507691134, -184.48922688207858, -3318.457889918136, 181.95997469661052, 315.7286643329371, 279.8071577103656, 652.6093777381448, 1843.21812596977, 3453.593611055794, -230.61142883307184
Dipole string: 
Ionization string: 
Geometry string: 0, 609.9480695532657,948.6082728926704, -118.87119626408094, 25.236776082238066, 1308.8924117710121, 0.0, -1005.8644772925618, -39.33151560886472, 30.906205665814923, 5.374263309931848, -30.612759474024642, -390.1227796632156, 353.545818825296, 0.0
---------
TOTAL EXCEL STRING:
78052.7138221104,196028.13117671758,-63047.6932565216,-97497.19582032412,-103837.60280092247,103072.85410817713,1853940.371220233,-101662.12290641852,-176393.55661231093,-156325.9883550927,-364610.1181220729,-1029816.1565151531,-1929476.4591904823,128841.0103006754,,,,,,,0,609.9480695532657,,,,,,,,0,609.9480695532657,,,,,,,,0,609.9480695532657,,,,,,,,0,609.9480695532657,,,,,,,,0,609.9480695532657,,,,,,,,0,609.9480695532657,,,,,,,,0,609.9480695532657,,,,,,,,0,609.9480695532657,
TOTAL HESSIAN STRING:

TOTAL HEAT STRING:
365.7, 86.35346963604442, -350.7675857861159, 112.8358184132594, 174.51211434149627, 185.99809507691134, -184.48922688207858, -3318.457889918136, 181.95997469661052, 315.7286643329371, 279.8071577103656, 652.6093777381448, 1843.21812596977, 3453.593611055794, -230.61142883307184
TOTAL DIPOLE STRING:

TOTAL IONIZATION STRING:

TOTAL GEOMETRY STRING:
0, 609.9480695532657,948.6082728926704, -118.87119626408094, 25.236776082238066, 1308.8924117710121, 0.0, -1005.8644772925618, -39.33151560886472, 30.906205665814923, 5.374263309931848, -30.612759474024642, -390.1227796632156, 353.545818825296, 0.0
-----------
SUM OF ERROR FUNCTION: 78052.7138221104
GRADIENT SUM: 196028.13117671758, -63047.6932565216, -97497.19582032412, -103837.60280092247, 103072.85410817713, 1853940.371220233, -101662.12290641852, -176393.55661231093, -156325.9883550927, -364610.1181220729, -1029816.1565151531, -1929476.4591904823, 128841.0103006754
NEW HESSIAN: -5258128.858035246,-18444.31082963865,-26174.307599162843,-38104.527070951444,32167.862783095858,-4488338.439958656,-19906.28875851637,-24194.159274891834,-53870.08890894885,-98396.37296418822,-226541.706006316,-142662.87157441955,36208.10028413788,-8260906.29997294,-3.1882690664921835E7,-3.896945666176568E7,-10940.735753779874,-86592.0868914678,-3.661419600362861E7,-2.3616633563000094E7,-2347720.1813679156,-8231922.266540978,-9369699.968498942,-2.4755037479615115E7,-11856.945107939791,-3530182.005062511,-1.0610364534674304E7,-11110.486775504862,-120286.19648527983,-3.778919933884228E7,-1.5344170402010906E7,-1.2970691190429678E7,-2.475991025039797E7,-2.7055686446368426E7,-1.5283872197777646E7,-17526.111509318813,-4.366752895297688E7,-24097.284135378955,-208386.1653139796,-2.3609202178232625E7,-2.8329158127727572E7,-3.0676890611416053E7,-1.2915211195620693E7,-2.3443184493790694E7,-1.1682517764382288E7,-28666.43352784484,17688.88597111375,131742.8799528589,-11245.459311580868,-14912.729771468468,-28439.694348804915,-53478.446861649456,-121519.2712309577,-76714.93272104952,19200.74947865856,-7274346.167153109,-89852.69269079785,-110188.69557091594,-233575.58747974434,-451096.1075694747,-993507.8656644076,-423673.9697989598,167225.7527534105,-4.4879410024714515E7,-4.6062174031300716E7,-2.2431257138775565E7,-4.012611182612998E7,-5.425328865913501E7,-2.948413335842651E7,-13329.256448435059,5918713.520400013,-2.1242744632039692E7,-1.294273516258172E7,-3.1782871176099118E7,-2.0028502341532897E7,-17185.77324055726,-4689141.856583309,-9362706.57632294,-2.105569656732231E7,-2.8213405276153535E7,-37004.84527596293,4908893.502189471,-2.5567867950994655E7,-3.517140015511136E7,-66484.3510159105,-7309631.9371090215,565235.7465650663,-154445.95143167698,1.3047092157375533E7,-99896.07863102923,-861483.073472261,
HESSIAN EIGENVALUES: [-211370608.495354; -39159503.959192; -12453942.578498; -10803754.070303; -7437477.052149; -1674934.777244; -852807.216708; 21600.940481; 15386171.528973; 17572333.014052; 38557946.945532; 47246697.642301; 63129906.968967]
Running on 4 cores.
Computation number: 0
Hessian string: 
Excel string: 78052.7138221104,196028.13117671758,-63047.6932565216,-97497.19582032412,-103837.60280092247,103072.85410817713,1853940.371220233,-101662.12290641852,-176393.55661231093,-156325.9883550927,-364610.1181220729,-1029816.1565151531,-1929476.4591904823,128841.0103006754,,,,,,,0,609.9480695532657,,,,,,,,0,609.9480695532657,,,,,,,,0,609.9480695532657,,,,,,,,0,609.9480695532657,,,,,,,,0,609.9480695532657,,,,,,,,0,609.9480695532657,,,,,,,,0,609.9480695532657,,,,,,,,0,609.9480695532657,
HoF string: 365.7, 86.35346963604442, -350.7675857861159, 112.8358184132594, 174.51211434149627, 185.99809507691134, -184.48922688207858, -3318.457889918136, 181.95997469661052, 315.7286643329371, 279.8071577103656, 652.6093777381448, 1843.21812596977, 3453.593611055794, -230.61142883307184
Dipole string: 
Ionization string: 
Geometry string: 0, 609.9480695532657,948.6082728926704, -118.87119626408094, 25.236776082238066, 1308.8924117710121, 0.0, -1005.8644772925618, -39.33151560886472, 30.906205665814923, 5.374263309931848, -30.612759474024642, -390.1227796632156, 353.545818825296, 0.0
---------
TOTAL EXCEL STRING:
78052.7138221104,196028.13117671758,-63047.6932565216,-97497.19582032412,-103837.60280092247,103072.85410817713,1853940.371220233,-101662.12290641852,-176393.55661231093,-156325.9883550927,-364610.1181220729,-1029816.1565151531,-1929476.4591904823,128841.0103006754,,,,,,,0,609.9480695532657,,,,,,,,0,609.9480695532657,,,,,,,,0,609.9480695532657,,,,,,,,0,609.9480695532657,,,,,,,,0,609.9480695532657,,,,,,,,0,609.9480695532657,,,,,,,,0,609.9480695532657,,,,,,,,0,609.9480695532657,
TOTAL HESSIAN STRING:

TOTAL HEAT STRING:
365.7, 86.35346963604442, -350.7675857861159, 112.8358184132594, 174.51211434149627, 185.99809507691134, -184.48922688207858, -3318.457889918136, 181.95997469661052, 315.7286643329371, 279.8071577103656, 652.6093777381448, 1843.21812596977, 3453.593611055794, -230.61142883307184
TOTAL DIPOLE STRING:

TOTAL IONIZATION STRING:

TOTAL GEOMETRY STRING:
0, 609.9480695532657,948.6082728926704, -118.87119626408094, 25.236776082238066, 1308.8924117710121, 0.0, -1005.8644772925618, -39.33151560886472, 30.906205665814923, 5.374263309931848, -30.612759474024642, -390.1227796632156, 353.545818825296, 0.0
-----------
SUM OF ERROR FUNCTION: 78052.7138221104
GRADIENT SUM: 196028.13117671758, -63047.6932565216, -97497.19582032412, -103837.60280092247, 103072.85410817713, 1853940.371220233, -101662.12290641852, -176393.55661231093, -156325.9883550927, -364610.1181220729, -1029816.1565151531, -1929476.4591904823, 128841.0103006754
NEW HESSIAN: -5258128.858035246,-18444.31082963865,-26174.307599162843,-38104.527070951444,32167.862783095858,-4488338.439958656,-19906.28875851637,-24194.159274891834,-53870.08890894885,-98396.37296418822,-226541.706006316,-142662.87157441955,36208.10028413788,-8260906.29997294,-3.1882690664921835E7,-3.896945666176568E7,-10940.735753779874,-86592.0868914678,-3.661419600362861E7,-2.3616633563000094E7,-2347720.1813679156,-8231922.266540978,-9369699.968498942,-2.4755037479615115E7,-11856.945107939791,-3530182.005062511,-1.0610364534674304E7,-11110.486775504862,-120286.19648527983,-3.778919933884228E7,-1.5344170402010906E7,-1.2970691190429678E7,-2.475991025039797E7,-2.7055686446368426E7,-1.5283872197777646E7,-17526.111509318813,-4.366752895297688E7,-24097.284135378955,-208386.1653139796,-2.3609202178232625E7,-2.8329158127727572E7,-3.0676890611416053E7,-1.2915211195620693E7,-2.3443184493790694E7,-1.1682517764382288E7,-28666.43352784484,17688.88597111375,131742.8799528589,-11245.459311580868,-14912.729771468468,-28439.694348804915,-53478.446861649456,-121519.2712309577,-76714.93272104952,19200.74947865856,-7274346.167153109,-89852.69269079785,-110188.69557091594,-233575.58747974434,-451096.1075694747,-993507.8656644076,-423673.9697989598,167225.7527534105,-4.4879410024714515E7,-4.6062174031300716E7,-2.2431257138775565E7,-4.012611182612998E7,-5.425328865913501E7,-2.948413335842651E7,-13329.256448435059,5918713.520400013,-2.1242744632039692E7,-1.294273516258172E7,-3.1782871176099118E7,-2.0028502341532897E7,-17185.77324055726,-4689141.856583309,-9362706.57632294,-2.105569656732231E7,-2.8213405276153535E7,-37004.84527596293,4908893.502189471,-2.5567867950994655E7,-3.517140015511136E7,-66484.3510159105,-7309631.9371090215,565235.7465650663,-154445.95143167698,1.3047092157375533E7,-99896.07863102923,-861483.073472261,
HESSIAN EIGENVALUES: [-211370608.495354; -39159503.959192; -12453942.578498; -10803754.070303; -7437477.052149; -1674934.777244; -852807.216708; 21600.940481; 15386171.528973; 17572333.014052; 38557946.945532; 47246697.642301; 63129906.968967]
Running on 4 cores.
Computation number: 0
Hessian string: 
Excel string: 78052.7138221104,196028.13117671758,-63047.6932565216,-97497.19582032412,-103837.60280092247,103072.85410817713,1853940.371220233,-101662.12290641852,-176393.55661231093,-156325.9883550927,-364610.1181220729,-1029816.1565151531,-1929476.4591904823,128841.0103006754,,,,,,,0,609.9480695532657,,,,,,,,0,609.9480695532657,,,,,,,,0,609.9480695532657,,,,,,,,0,609.9480695532657,,,,,,,,0,609.9480695532657,,,,,,,,0,609.9480695532657,,,,,,,,0,609.9480695532657,,,,,,,,0,609.9480695532657,
HoF string: 365.7, 86.35346963604442, -350.7675857861159, 112.8358184132594, 174.51211434149627, 185.99809507691134, -184.48922688207858, -3318.457889918136, 181.95997469661052, 315.7286643329371, 279.8071577103656, 652.6093777381448, 1843.21812596977, 3453.593611055794, -230.61142883307184
Dipole string: 
Ionization string: 
Geometry string: 0, 609.9480695532657,948.6082728926704, -118.87119626408094, 25.236776082238066, 1308.8924117710121, 0.0, -1005.8644772925618, -39.33151560886472, 30.906205665814923, 5.374263309931848, -30.612759474024642, -390.1227796632156, 353.545818825296, 0.0
---------
TOTAL EXCEL STRING:
78052.7138221104,196028.13117671758,-63047.6932565216,-97497.19582032412,-103837.60280092247,103072.85410817713,1853940.371220233,-101662.12290641852,-176393.55661231093,-156325.9883550927,-364610.1181220729,-1029816.1565151531,-1929476.4591904823,128841.0103006754,,,,,,,0,609.9480695532657,,,,,,,,0,609.9480695532657,,,,,,,,0,609.9480695532657,,,,,,,,0,609.9480695532657,,,,,,,,0,609.9480695532657,,,,,,,,0,609.9480695532657,,,,,,,,0,609.9480695532657,,,,,,,,0,609.9480695532657,
TOTAL HESSIAN STRING:

TOTAL HEAT STRING:
365.7, 86.35346963604442, -350.7675857861159, 112.8358184132594, 174.51211434149627, 185.99809507691134, -184.48922688207858, -3318.457889918136, 181.95997469661052, 315.7286643329371, 279.8071577103656, 652.6093777381448, 1843.21812596977, 3453.593611055794, -230.61142883307184
TOTAL DIPOLE STRING:

TOTAL IONIZATION STRING:

TOTAL GEOMETRY STRING:
0, 609.9480695532657,948.6082728926704, -118.87119626408094, 25.236776082238066, 1308.8924117710121, 0.0, -1005.8644772925618, -39.33151560886472, 30.906205665814923, 5.374263309931848, -30.612759474024642, -390.1227796632156, 353.545818825296, 0.0
-----------
SUM OF ERROR FUNCTION: 78052.7138221104
GRADIENT SUM: 196028.13117671758, -63047.6932565216, -97497.19582032412, -103837.60280092247, 103072.85410817713, 1853940.371220233, -101662.12290641852, -176393.55661231093, -156325.9883550927, -364610.1181220729, -1029816.1565151531, -1929476.4591904823, 128841.0103006754
NEW HESSIAN: -5258128.858035246,-18444.31082963865,-26174.307599162843,-38104.527070951444,32167.862783095858,-4488338.439958656,-19906.28875851637,-24194.159274891834,-53870.08890894885,-98396.37296418822,-226541.706006316,-142662.87157441955,36208.10028413788,-8260906.29997294,-3.1882690664921835E7,-3.896945666176568E7,-10940.735753779874,-86592.0868914678,-3.661419600362861E7,-2.3616633563000094E7,-2347720.1813679156,-8231922.266540978,-9369699.968498942,-2.4755037479615115E7,-11856.945107939791,-3530182.005062511,-1.0610364534674304E7,-11110.486775504862,-120286.19648527983,-3.778919933884228E7,-1.5344170402010906E7,-1.2970691190429678E7,-2.475991025039797E7,-2.7055686446368426E7,-1.5283872197777646E7,-17526.111509318813,-4.366752895297688E7,-24097.284135378955,-208386.1653139796,-2.3609202178232625E7,-2.8329158127727572E7,-3.0676890611416053E7,-1.2915211195620693E7,-2.3443184493790694E7,-1.1682517764382288E7,-28666.43352784484,17688.88597111375,131742.8799528589,-11245.459311580868,-14912.729771468468,-28439.694348804915,-53478.446861649456,-121519.2712309577,-76714.93272104952,19200.74947865856,-7274346.167153109,-89852.69269079785,-110188.69557091594,-233575.58747974434,-451096.1075694747,-993507.8656644076,-423673.9697989598,167225.7527534105,-4.4879410024714515E7,-4.6062174031300716E7,-2.2431257138775565E7,-4.012611182612998E7,-5.425328865913501E7,-2.948413335842651E7,-13329.256448435059,5918713.520400013,-2.1242744632039692E7,-1.294273516258172E7,-3.1782871176099118E7,-2.0028502341532897E7,-17185.77324055726,-4689141.856583309,-9362706.57632294,-2.105569656732231E7,-2.8213405276153535E7,-37004.84527596293,4908893.502189471,-2.5567867950994655E7,-3.517140015511136E7,-66484.3510159105,-7309631.9371090215,565235.7465650663,-154445.95143167698,1.3047092157375533E7,-99896.07863102923,-861483.073472261,
HESSIAN EIGENVALUES: [-211370608.495354; -39159503.959192; -12453942.578498; -10803754.070303; -7437477.052149; -1674934.777244; -852807.216708; 21600.940481; 15386171.528973; 17572333.014052; 38557946.945532; 47246697.642301; 63129906.968967]
Running on 4 cores.
Computation number: 0
Hessian string: 
Excel string: 78052.7138221104,196028.13117671758,-63047.6932565216,-97497.19582032412,-103837.60280092247,103072.85410817713,1853940.371220233,-101662.12290641852,-176393.55661231093,-156325.9883550927,-364610.1181220729,-1029816.1565151531,-1929476.4591904823,128841.0103006754,,,,,,,0,609.9480695532657,,,,,,,,0,609.9480695532657,,,,,,,,0,609.9480695532657,,,,,,,,0,609.9480695532657,,,,,,,,0,609.9480695532657,,,,,,,,0,609.9480695532657,,,,,,,,0,609.9480695532657,,,,,,,,0,609.9480695532657,
HoF string: 365.7, 86.35346963604442, -350.7675857861159, 112.8358184132594, 174.51211434149627, 185.99809507691134, -184.48922688207858, -3318.457889918136, 181.95997469661052, 315.7286643329371, 279.8071577103656, 652.6093777381448, 1843.21812596977, 3453.593611055794, -230.61142883307184
Dipole string: 
Ionization string: 
Geometry string: 0, 609.9480695532657,948.6082728926704, -118.87119626408094, 25.236776082238066, 1308.8924117710121, 0.0, -1005.8644772925618, -39.33151560886472, 30.906205665814923, 5.374263309931848, -30.612759474024642, -390.1227796632156, 353.545818825296, 0.0
---------
TOTAL EXCEL STRING:
78052.7138221104,196028.13117671758,-63047.6932565216,-97497.19582032412,-103837.60280092247,103072.85410817713,1853940.371220233,-101662.12290641852,-176393.55661231093,-156325.9883550927,-364610.1181220729,-1029816.1565151531,-1929476.4591904823,128841.0103006754,,,,,,,0,609.9480695532657,,,,,,,,0,609.9480695532657,,,,,,,,0,609.9480695532657,,,,,,,,0,609.9480695532657,,,,,,,,0,609.9480695532657,,,,,,,,0,609.9480695532657,,,,,,,,0,609.9480695532657,,,,,,,,0,609.9480695532657,
TOTAL HESSIAN STRING:

TOTAL HEAT STRING:
365.7, 86.35346963604442, -350.7675857861159, 112.8358184132594, 174.51211434149627, 185.99809507691134, -184.48922688207858, -3318.457889918136, 181.95997469661052, 315.7286643329371, 279.8071577103656, 652.6093777381448, 1843.21812596977, 3453.593611055794, -230.61142883307184
TOTAL DIPOLE STRING:

TOTAL IONIZATION STRING:

TOTAL GEOMETRY STRING:
0, 609.9480695532657,948.6082728926704, -118.87119626408094, 25.236776082238066, 1308.8924117710121, 0.0, -1005.8644772925618, -39.33151560886472, 30.906205665814923, 5.374263309931848, -30.612759474024642, -390.1227796632156, 353.545818825296, 0.0
-----------
SUM OF ERROR FUNCTION: 78052.7138221104
GRADIENT SUM: 196028.13117671758, -63047.6932565216, -97497.19582032412, -103837.60280092247, 103072.85410817713, 1853940.371220233, -101662.12290641852, -176393.55661231093, -156325.9883550927, -364610.1181220729, -1029816.1565151531, -1929476.4591904823, 128841.0103006754
NEW HESSIAN: -5258128.858035246,-18444.31082963865,-26174.307599162843,-38104.527070951444,32167.862783095858,-4488338.439958656,-19906.28875851637,-24194.159274891834,-53870.08890894885,-98396.37296418822,-226541.706006316,-142662.87157441955,36208.10028413788,-8260906.29997294,-3.1882690664921835E7,-3.896945666176568E7,-10940.735753779874,-86592.0868914678,-3.661419600362861E7,-2.3616633563000094E7,-2347720.1813679156,-8231922.266540978,-9369699.968498942,-2.4755037479615115E7,-11856.945107939791,-3530182.005062511,-1.0610364534674304E7,-11110.486775504862,-120286.19648527983,-3.778919933884228E7,-1.5344170402010906E7,-1.2970691190429678E7,-2.475991025039797E7,-2.7055686446368426E7,-1.5283872197777646E7,-17526.111509318813,-4.366752895297688E7,-24097.284135378955,-208386.1653139796,-2.3609202178232625E7,-2.8329158127727572E7,-3.0676890611416053E7,-1.2915211195620693E7,-2.3443184493790694E7,-1.1682517764382288E7,-28666.43352784484,17688.88597111375,131742.8799528589,-11245.459311580868,-14912.729771468468,-28439.694348804915,-53478.446861649456,-121519.2712309577,-76714.93272104952,19200.74947865856,-7274346.167153109,-89852.69269079785,-110188.69557091594,-233575.58747974434,-451096.1075694747,-993507.8656644076,-423673.9697989598,167225.7527534105,-4.4879410024714515E7,-4.6062174031300716E7,-2.2431257138775565E7,-4.012611182612998E7,-5.425328865913501E7,-2.948413335842651E7,-13329.256448435059,5918713.520400013,-2.1242744632039692E7,-1.294273516258172E7,-3.1782871176099118E7,-2.0028502341532897E7,-17185.77324055726,-4689141.856583309,-9362706.57632294,-2.105569656732231E7,-2.8213405276153535E7,-37004.84527596293,4908893.502189471,-2.5567867950994655E7,-3.517140015511136E7,-66484.3510159105,-7309631.9371090215,565235.7465650663,-154445.95143167698,1.3047092157375533E7,-99896.07863102923,-861483.073472261,
HESSIAN EIGENVALUES: [-211370608.495354; -39159503.959192; -12453942.578498; -10803754.070303; -7437477.052149; -1674934.777244; -852807.216708; 21600.940481; 15386171.528973; 17572333.014052; 38557946.945532; 47246697.642301; 63129906.968967]
