H14C6, RHF, CHARGE=0, MULT=1
HF=-42.5
1    C    -0.000114706    -0.218016928    0.753487452
2    C    0.000225838    0.217979805    -0.753451199
3    H    -0.000284052    -1.338224979    0.773157620
4    H    0.000259930    1.338187152    -0.773020985
5    C    1.263653459    0.228642253    1.523187013
6    C    -1.264050487    0.229259679    1.522558444
7    C    1.264249771    -0.228986885    -1.522599925
8    C    -1.263476160    -0.228863775    -1.523168417
9    H    1.435239103    1.321473884    1.450266795
10    H    -1.434932679    1.322218155    1.449883161
11    H    1.435404636    -1.321898643    -1.449739976
12    H    -1.434768750    -1.321765725    -1.450552334
13    H    1.183388469    -0.023460263    2.601185485
14    H    2.174268325    -0.285193901    1.154857302
15    H    -1.184706825    -0.023258474    2.600517642
16    H    -2.174531660    -0.284042536    1.153293891
17    H    1.184733185    0.023137356    -2.600692630
18    H    2.174658084    0.284511661    -1.153343865
19    H    -1.183250473    0.023657216    -2.601052556
20    H    -2.174192074    0.284702951    -1.154748972
---